EAGLE Version 9.4.1 Copyright (c) 1988-2019 Autodesk, Inc.
List of signals with length and its max. frequency / current
exported from E:/Dropbox/Eagle Projects/DLT/DLT_Jetson_Nano.brd
at 17.05.2019 01:17
Signal	f max. [MHz]	l [mm]	A [mm2]	R [mOhm]	w min [mm]	w max [mm]	Imax [A]
GND	   1279.46	234.317	0.005	 764.36	 0.152	 1.270	  0.50
5V	   2227.50	134.590	0.005	 439.05	 0.152	 1.270	  0.50
ENET_LED1	   3219.72	 93.114	0.007	 225.00	 0.206	 0.206	  0.66
UART1_TX	   3320.64	 90.284	0.005	 294.51	 0.152	 0.152	  0.50
UART1_RX	   3322.75	 90.226	0.005	 294.33	 0.152	 0.152	  0.50
GEN3_I2C_SDA	   3554.86	 84.335	0.005	 275.11	 0.152	 0.152	  0.50
1.8V	   3573.07	 83.905	0.005	 273.71	 0.152	 0.152	  0.50
GEN3_I2C_SCL	   3592.48	 83.452	0.005	 272.23	 0.152	 0.152	  0.50
AUD_MCLK	   3676.79	 81.539	0.005	 265.99	 0.152	 0.152	  0.50
#RESET	   3748.34	 79.982	0.005	 260.91	 0.152	 0.305	  0.50
DAP4_FS	   3770.01	 79.522	0.005	 259.41	 0.152	 0.152	  0.50
DAP4_DOUT	   3784.93	 79.209	0.005	 258.39	 0.152	 0.152	  0.50
DAP4_SCLK	   3791.94	 79.062	0.005	 257.91	 0.152	 0.152	  0.50
#RECOVERY	   3955.59	 75.791	0.005	 247.24	 0.152	 0.305	  0.50
ENET_LED0	   4303.40	 69.666	0.007	 168.34	 0.206	 0.206	  0.66
3.3V	   4354.00	 68.856	0.005	 224.62	 0.152	 1.270	  0.50
USB2_D_N	   4516.12	 66.384	0.005	 216.55	 0.152	 0.206	  0.50
USB2_D_P	   4516.49	 66.379	0.005	 216.53	 0.152	 0.206	  0.50
USB0(OTG)_D_P	   4521.02	 66.312	0.007	 162.24	 0.203	 0.206	  0.65
USB0(OTG)_D_N	   4635.75	 64.671	0.007	 158.22	 0.203	 0.206	  0.65
EDP_AUX_C_P	   4688.80	 63.940	0.005	 208.58	 0.152	 0.152	  0.50
EDP_AUX_C_N	   4779.01	 62.733	0.005	 204.64	 0.152	 0.152	  0.50
HDMI_SCL	   4893.06	 61.270	0.005	 199.87	 0.152	 0.152	  0.50
HDMI_SDA	   5030.06	 59.602	0.005	 194.43	 0.152	 0.152	  0.50
DP_HPD_IN	   5284.90	 56.728	0.005	 185.05	 0.152	 0.152	  0.50
HDMI_HPD	   5413.71	 55.378	0.005	 180.65	 0.152	 0.152	  0.50
ENET_TRD3_P	   5494.85	 54.560	0.005	 177.98	 0.152	 0.152	  0.50
ENET_TRD3_N	   5494.85	 54.560	0.005	 177.98	 0.152	 0.152	  0.50
HDMI_PWR	   5734.68	 52.278	0.005	 170.54	 0.152	 0.508	  0.50
USB1_D_N	   5830.88	 51.416	0.007	 125.79	 0.203	 0.206	  0.65
ENET_TRD0_N	   5988.22	 50.065	0.005	 163.32	 0.152	 0.152	  0.50
ENET_TRD0_P	   5991.79	 50.035	0.005	 163.22	 0.152	 0.152	  0.50
ENET_TRD2_N	   6008.39	 49.897	0.005	 162.77	 0.152	 0.152	  0.50
ENET_TRD2_P	   6015.04	 49.842	0.005	 162.59	 0.152	 0.152	  0.50
ENET_TRD1_N	   6043.49	 49.607	0.005	 161.82	 0.152	 0.152	  0.50
ENET_TRD1_P	   6043.83	 49.604	0.005	 161.81	 0.152	 0.152	  0.50
USB1_D_P	   6130.21	 48.905	0.007	 119.65	 0.203	 0.206	  0.65
DP_PWR	   7024.15	 42.681	0.005	 139.23	 0.152	 0.508	  0.50
HDMI_HPD_IN	   7726.76	 38.800	0.005	 126.57	 0.152	 0.152	  0.50
EDP_HPD	   7944.53	 37.737	0.005	 123.10	 0.152	 0.152	  0.50
HDMI_SHIELD	  10459.11	 28.664	0.011	  46.75	 0.305	 0.305	  0.95
N$20	  10735.95	 27.925	0.011	  45.55	 0.305	 0.508	  0.95
EDP0_TX_P	  11824.70	 25.354	0.005	  82.71	 0.152	 0.152	  0.50
EDP0_TX_N	  11835.93	 25.330	0.005	  82.63	 0.152	 0.152	  0.50
EDP1_TX_N	  13206.00	 22.702	0.005	  74.06	 0.152	 0.152	  0.50
EDP1_TX_P	  13234.04	 22.654	0.005	  73.90	 0.152	 0.152	  0.50
GEN3_I2C_SCL_3V	  13374.17	 22.416	0.005	  73.12	 0.152	 0.152	  0.50
N$4	  13660.19	 21.947	0.018	  21.48	 0.508	 0.508	  1.55
EDP2_TX_P	  13947.83	 21.494	0.005	  70.12	 0.152	 0.152	  0.50
EDP2_TX_N	  13964.09	 21.469	0.005	  70.04	 0.152	 0.152	  0.50
GEN3_I2C_SDA_3V	  14041.64	 21.351	0.005	  69.65	 0.152	 0.152	  0.50
VDD	  14065.77	 21.314	0.044	   8.34	 1.270	 1.270	  3.75
UART1_RX_3V	  14746.31	 20.331	0.005	  66.32	 0.152	 0.152	  0.50
N$5	  14884.45	 20.142	0.005	  65.70	 0.152	 0.305	  0.50
HDMI_SCL_5V	  15086.45	 19.872	0.005	  64.82	 0.152	 0.152	  0.50
CONFIG1	  15662.87	 19.141	0.005	  62.44	 0.152	 0.152	  0.50
HDMI_SDA_5V	  15747.58	 19.038	0.005	  62.10	 0.152	 0.152	  0.50
CONFIG2	  15885.39	 18.873	0.005	  61.56	 0.152	 0.152	  0.50
DAP4_FS_3V	  18354.10	 16.334	0.005	  53.28	 0.152	 0.152	  0.50
#PWR_BUTTON	  18932.36	 15.835	0.005	  51.66	 0.152	 0.152	  0.50
EDP3_TX_N	  19373.37	 15.475	0.005	  50.48	 0.152	 0.152	  0.50
EDP3_TX_P	  19456.42	 15.409	0.005	  50.26	 0.152	 0.152	  0.50
PWR_EN	  20708.80	 14.477	0.011	  23.61	 0.305	 0.305	  0.95
UART1_TX_3V	  20894.62	 14.348	0.005	  46.81	 0.152	 0.152	  0.50
DAP4_DOUT_3V	  20984.63	 14.287	0.005	  46.60	 0.152	 0.152	  0.50
DAP4_SCLK_3V	  22299.47	 13.444	0.005	  43.86	 0.152	 0.152	  0.50
HDMI_5V_DIODE	  23073.56	 12.993	0.011	  21.19	 0.305	 0.305	  0.95
AUD_MCLK_3V	  23689.89	 12.655	0.005	  41.28	 0.152	 0.152	  0.50
TMDS_CLK_C1_N	  24288.90	 12.343	0.005	  40.26	 0.152	 0.152	  0.50
TMDS_CLK_C1_P	  24707.87	 12.134	0.005	  39.58	 0.152	 0.152	  0.50
TMDS_D1_N	  25668.09	 11.680	0.005	  38.10	 0.152	 0.152	  0.50
TMDS_D1_P	  27877.36	 10.754	0.005	  35.08	 0.152	 0.152	  0.50
N$2	  29944.97	 10.012	0.005	  32.66	 0.152	 0.152	  0.50
EDP3_TX_C_N	  31832.13	  9.418	0.005	  30.72	 0.152	 0.152	  0.50
EDP3_TX_C_P	  31907.99	  9.396	0.005	  30.65	 0.152	 0.152	  0.50
EDP0_TX_C_N	  32206.77	  9.309	0.005	  30.37	 0.152	 0.152	  0.50
EDP0_TX_C_P	  32281.64	  9.287	0.005	  30.30	 0.152	 0.152	  0.50
EDP2_TX_C_N	  32353.97	  9.266	0.005	  30.23	 0.152	 0.152	  0.50
EDP2_TX_C_P	  32766.45	  9.150	0.005	  29.85	 0.152	 0.152	  0.50
EDP1_TX_C_N	  32970.77	  9.093	0.005	  29.66	 0.152	 0.152	  0.50
EDP1_TX_C_P	  33242.23	  9.019	0.005	  29.42	 0.152	 0.152	  0.50
TMDS_CLK_N	  33575.80	  8.929	0.005	  29.13	 0.152	 0.152	  0.50
TMDS_CLK_P	  33615.41	  8.919	0.005	  29.09	 0.152	 0.152	  0.50
N$3	  34651.56	  8.652	0.005	  28.22	 0.152	 0.152	  0.50
#SHUTDOWN_REQ	  35440.62	  8.459	0.011	  13.80	 0.305	 0.305	  0.95
TMDS_D2_C1_P	  35704.82	  8.397	0.005	  27.39	 0.152	 0.152	  0.50
TMDS_D2_C1_N	  35860.94	  8.360	0.005	  27.27	 0.152	 0.152	  0.50
N$1	  39226.49	  7.643	0.005	  24.93	 0.152	 0.152	  0.50
TMDS_CLK_C_N	  42190.22	  7.106	0.005	  23.18	 0.152	 0.152	  0.50
TMDS_CLK_C_P	  42539.78	  7.048	0.005	  22.99	 0.152	 0.152	  0.50
TMDS_D1_C1_P	  42775.34	  7.009	0.005	  22.86	 0.152	 0.152	  0.50
TMDS_D1_C1_N	  43218.88	  6.937	0.005	  22.63	 0.152	 0.152	  0.50
TMDS_D0_C1_N	  43595.90	  6.877	0.005	  22.43	 0.152	 0.152	  0.50
TMDS_D0_C1_P	  44164.44	  6.788	0.005	  22.14	 0.152	 0.152	  0.50
N$7	  49737.53	  6.028	0.036	   2.95	 1.016	 1.016	  3.01
TMDS_D0_C_N	  51481.93	  5.823	0.005	  19.00	 0.152	 0.152	  0.50
N$8	  51614.58	  5.808	0.036	   2.84	 1.016	 1.016	  3.01
TMDS_D0_C_P	  53177.55	  5.638	0.005	  18.39	 0.152	 0.152	  0.50
TMDS_D1_C_P	  53357.06	  5.619	0.005	  18.33	 0.152	 0.152	  0.50
TMDS_D1_C_N	  56478.10	  5.308	0.005	  17.32	 0.152	 0.152	  0.50
TMDS_D2_C_N	  58423.86	  5.131	0.005	  16.74	 0.152	 0.152	  0.50
TMDS_D2_C_P	  59173.27	  5.066	0.005	  16.53	 0.152	 0.152	  0.50
EDP_AUX_N	  65394.64	  4.584	0.005	  14.95	 0.152	 0.152	  0.50
EDP_AUX_P	  66307.67	  4.521	0.005	  14.75	 0.152	 0.152	  0.50
TMDS_D0_N	  69749.14	  4.298	0.005	  14.02	 0.152	 0.152	  0.50
TMDS_D0_P	  69851.54	  4.292	0.005	  14.00	 0.152	 0.152	  0.50
TMDS_D2_P	  76305.08	  3.929	0.005	  12.82	 0.152	 0.152	  0.50
TMDS_D2_N	  76316.83	  3.928	0.005	  12.81	 0.152	 0.152	  0.50
N$12	  79403.00	  3.776	0.005	  12.32	 0.152	 0.152	  0.50
N$13	  89896.40	  3.335	0.005	  10.88	 0.152	 0.152	  0.50
N$14	  98376.38	  3.047	0.005	   9.94	 0.152	 0.152	  0.50
N$9	  99133.84	  3.024	0.005	   9.87	 0.152	 0.152	  0.50
N$6	 105764.17	  2.835	0.005	   9.25	 0.152	 0.152	  0.50
